referrer,views_total,views_unique
Google,9,2
arduinolibraries.info,1,1
